<?xml version="1.0"?>
<opencv_storage>
<calibration_time>"Mon Jan  9 10:45:51 2017"</calibration_time>
<nr_of_frames>25</nr_of_frames>
<image_width>1280</image_width>
<image_height>720</image_height>
<board_width>8</board_width>
<board_height>7</board_height>
<square_size>19.</square_size>
<fix_aspect_ratio>1.</fix_aspect_ratio>
<!-- flags: +fix_aspectRatio +fix_principal_point +zero_tangent_dist +fix_k4 +fix_k5 -->
<flags>6158</flags>
<fisheye_model>0</fisheye_model>
<camera_matrix type_id="opencv-matrix">
  <rows>3</rows>
  <cols>3</cols>
  <dt>d</dt>
  <data>
    1.0283677555922998e+03 0. 640. 0. 1.0283677555922998e+03 360. 0. 0.
    1.</data></camera_matrix>
<distortion_coefficients type_id="opencv-matrix">
  <rows>5</rows>
  <cols>1</cols>
  <dt>d</dt>
  <data>
    8.5635401465230049e-02 -2.4581784328145137e-01 0. 0.
    2.4490681995756075e-02</data></distortion_coefficients>
<avg_reprojection_error>3.6549152869670409e-01</avg_reprojection_error>
<per_view_reprojection_errors type_id="opencv-matrix">
  <rows>25</rows>
  <cols>1</cols>
  <dt>f</dt>
  <data>
    2.02089414e-01 1.35806948e-01 1.73302129e-01 1.73813730e-01
    1.47275731e-01 3.35561156e-01 3.84279639e-01 4.99280840e-01
    3.69476169e-01 3.78623247e-01 3.62667590e-01 3.62186402e-01
    3.28530520e-01 5.31186998e-01 3.61821651e-01 5.31575620e-01
    5.75783730e-01 3.73249769e-01 3.87635529e-01 4.35450077e-01
    3.95239055e-01 3.81781846e-01 2.95604020e-01 2.69024581e-01
    2.65004307e-01</data></per_view_reprojection_errors>
<!-- a set of 6-tuples (rotation vector + translation vector) for each view -->
<extrinsic_parameters type_id="opencv-matrix">
  <rows>25</rows>
  <cols>6</cols>
  <dt>d</dt>
  <data>
    -4.1547727516830296e-01 -2.9077200140819156e-02
    -3.0686287753917862e+00 1.1677523340641568e+02
    7.7742733025711118e+01 4.3898287383295428e+02
    -3.9405864876248986e-01 -3.6714052753571806e-02
    -3.0744648895071087e+00 1.2206314192609079e+02
    7.8258365869314872e+01 4.3859114147738376e+02
    -3.8301746605910564e-01 -5.0407696339843461e-02
    -3.0699602262485901e+00 1.2129598400637541e+02
    7.8579289697769553e+01 4.3911488107575593e+02
    -3.7600693633552007e-01 -5.1035053558031833e-02
    -3.0675493403044567e+00 1.1796548356228932e+02
    7.8384609268061567e+01 4.3965291827631978e+02
    -3.6629600833405940e-01 -4.1680442659136160e-02
    -3.0650199546495380e+00 1.1642407945891020e+02
    7.9367415505987523e+01 4.4011349391230146e+02
    -8.5680533392895408e-01 -6.4273571882330738e-02
    -2.9418847196573727e+00 7.2475157387772882e+01
    6.8152929586286632e+01 4.1997957742529934e+02
    -9.6214577527567458e-01 -7.1175036951019857e-02
    -2.9067843466021257e+00 6.2653900899966835e+01
    6.7285643766536452e+01 4.1884610305901629e+02
    -1.0669261723729719e+00 -5.4878545113624361e-02
    -2.9135310068870086e+00 6.7535573075298132e+01
    6.8689935321425324e+01 4.3180556584183557e+02 6.5407368538065358e-01
    -1.7929270047190446e-01 -2.9677811205571398e+00
    8.6188931203538743e+01 7.5007041557754974e+01 5.2738752366115966e+02
    6.8173136555880487e-01 -1.8599029363689629e-01
    -2.9582000268790982e+00 6.9665035880846986e+01
    7.1907442100826614e+01 5.3142950350628712e+02 7.4780329486272978e-01
    -1.9853993941570097e-01 -2.9475167208989150e+00
    5.3366366184899256e+01 7.0944509507478500e+01 5.3091207248951173e+02
    7.7606329722028888e-01 -1.9097960259539251e-01
    -2.9380029290068657e+00 4.2314151264681684e+01
    6.9058103009253287e+01 5.3006977966293789e+02
    -1.1693528469709169e-01 -7.1495420115387398e-01
    -1.1877213682032451e-02 -2.0175266056248864e+02
    -4.2250479784324476e+01 4.1546911508005451e+02
    -6.2273223897959507e-01 -1.0973234068313112e-01
    3.0527834230792021e+00 -6.0127807218856120e+01
    3.3056736933168537e+01 5.0609604053158375e+02
    -7.5769950792359389e-02 -1.0353658588947932e+00
    2.9282085036253545e+00 -1.0103360162722593e+01
    -5.2802373890414898e+01 4.9312802371193186e+02
    -7.7879251609840738e-01 4.4989862380474255e-01
    2.9949759158884710e+00 -6.5842640331603974e+01
    1.3571079648936180e+02 4.6851039070144520e+02 1.0657390769014567e+00
    6.8728375735104719e-01 2.8648831439117584e+00 1.1634033051870125e+02
    1.3632466666648327e+02 4.2231526044690753e+02
    -1.2699279604682121e+00 -2.7478076899138215e-01
    -2.8226883000282368e+00 1.6234268816887979e+02
    1.0877478052922349e+02 3.8931964588525040e+02
    -1.2877753182835012e+00 -2.4588572053513547e-01
    -2.8077861171090084e+00 1.6481546875975991e+02
    1.0780784542180699e+02 3.8794842124511962e+02 4.6279675170790735e-01
    -3.6675097641989945e-01 1.8390131390650555e+00
    1.8410222057208475e+02 1.5797584444718616e+01 4.1342530785582898e+02
    3.6944998290865855e-01 -2.9800386158196973e-01
    1.7599098770695254e+00 1.7116363232747000e+02 2.0380597550275205e+01
    4.1198899745935000e+02 3.6111160808683468e-01
    -2.8820805377047665e-01 1.7533250639203128e+00
    1.6978233730598268e+02 1.9526289131089108e+01 4.1288887580479673e+02
    6.5310012404299922e-01 -4.9277484713841170e-02
    -2.9121268893697740e+00 3.3130966812425875e+01
    -2.5252830787157013e+01 6.4749712001553314e+02
    7.0275627408283636e-01 -9.4441112396149218e-02
    -2.9038239620178183e+00 9.1917941075381862e+00
    -2.3122715315746934e+01 6.7910344787081544e+02
    7.9959531451746668e-01 -1.3087957708916009e-01
    -2.8983448869605533e+00 -1.4443724571393282e+01
    -2.1512675539035612e+01 6.9703698104562250e+02</data></extrinsic_parameters>
