<?xml version="1.0"?>
<opencv_storage>
<calibration_time>"2017年12月03日 15時42分36秒"</calibration_time>
<nr_of_frames>20</nr_of_frames>
<image_width>640</image_width>
<image_height>480</image_height>
<board_width>10</board_width>
<board_height>7</board_height>
<square_size>24.</square_size>
<fix_aspect_ratio>1.</fix_aspect_ratio>
<!-- flags: +fix_aspectRatio +fix_principal_point +zero_tangent_dist +fix_k4 +fix_k5 -->
<flags>6158</flags>
<fisheye_model>0</fisheye_model>
<camera_matrix type_id="opencv-matrix">
  <rows>3</rows>
  <cols>3</cols>
  <dt>d</dt>
  <data>
    2.5602916825704671e+02 0. 320. 0. 2.5602916825704671e+02 240. 0. 0.
    1.</data></camera_matrix>
<distortion_coefficients type_id="opencv-matrix">
  <rows>5</rows>
  <cols>1</cols>
  <dt>d</dt>
  <data>
    -2.1035918929252211e-02 -2.9429203700393487e-02 0. 0.
    5.9729532575379298e-03</data></distortion_coefficients>
<avg_reprojection_error>3.6698559844355518e+00</avg_reprojection_error>
<per_view_reprojection_errors type_id="opencv-matrix">
  <rows>20</rows>
  <cols>1</cols>
  <dt>f</dt>
  <data>
    6.79017401e+00 6.82403374e+00 1.59097290e+00 2.58213162e+00
    1.51943052e+00 2.45923710e+00 4.10725975e+00 4.25530195e+00
    2.44140267e+00 1.45076692e+00 2.53554225e+00 3.67660284e-01
    3.01584435e+00 3.35972905e+00 5.01795912e+00 1.47847509e+00
    4.38852882e+00 2.91931272e+00 2.77676272e+00 5.12644768e+00</data></per_view_reprojection_errors>
<!-- a set of 6-tuples (rotation vector + translation vector) for each view -->
<extrinsic_parameters type_id="opencv-matrix">
  <rows>20</rows>
  <cols>6</cols>
  <dt>d</dt>
  <data>
    -9.3086125894672397e-02 -3.8135360590585615e-01
    1.9933787760763599e-02 -4.4398520397830580e+01
    -1.2693575092981611e+02 4.5370800509930649e+02
    -4.2699737031112968e-02 -3.3921631630492194e-01
    8.1149681521485828e-02 -5.2547540436901230e+01
    -1.2433900772076470e+02 4.7636747109808971e+02
    -6.5251292166931707e-01 3.7082366649868664e-02
    7.5130919697581566e-01 2.4901569132469479e+01 9.8271678095176213e+01
    4.8439876250238603e+02 -6.3168473097008604e-01
    3.3121547230618033e-02 7.3942438320197390e-01 2.3066156764900114e+01
    7.6670819877140431e+01 4.8732462444252440e+02 5.2457241436484184e-02
    -3.7496413361555764e-01 -5.8240301400639749e-01
    -3.2350926195146053e+02 -1.9226138254715858e+02
    3.8104676496858804e+02 6.1630032961614654e-03
    -4.1978755857073291e-01 -6.4057582344981312e-01
    -3.4718399150084821e+02 -1.7617009221769143e+02
    3.8012970851982726e+02 -8.1524887924414080e-01
    -5.0427683303682613e-01 -5.8444948227424631e-01
    -2.7143053956297859e+02 2.1747096659263639e+02
    4.3581517976108302e+02 -9.0578395248723154e-01
    -3.0020642442428196e-03 1.1006536270874279e-01
    2.9410568350509885e+00 2.2716975099761427e+02 4.7970896178906969e+02
    -1.5850492072267000e-01 4.1412771408875443e-01
    2.9279635768683903e-02 1.1973163962165803e+02
    -1.9077834364284641e+02 4.2255702296572855e+02
    -1.6300235231991714e-01 3.5667856415753785e-01
    -1.6741625957181702e-02 8.4793053540165531e+01
    -1.8562432850105549e+02 4.2511257548887119e+02
    -2.2584813857313230e-01 3.6888823159403450e-01
    -1.8253712260923459e-03 7.1659479473950626e+01
    -1.6591238941044892e+02 4.4165596459254891e+02
    -2.7941401163040381e-02 1.5162029313022610e-01
    -1.6995002135425044e-01 -7.8375202330058897e+01
    -2.5403274239294939e+02 3.9910210557977848e+02
    -4.7852656159470708e-01 -3.4415484204999158e-01
    -4.7067263063533427e-01 -3.4741454615065487e+02
    4.9578451178309024e+01 3.9407213412125475e+02
    -4.4464501905683779e-01 -3.7525462168933210e-01
    -4.9396160114573590e-01 -3.6063864571409516e+02
    5.0509177818797831e+01 3.8363043801242679e+02
    -8.5634382580638169e-01 -5.7576205126764835e-03
    -2.2330146811005958e-01 -1.0053483963946123e+02
    1.5982403134196545e+02 4.8917556043845320e+02
    -4.7026513011760002e-02 8.8881268920465144e-03
    -2.0247426295467139e-01 -2.1168530017242336e+01
    -2.6056268781057497e+02 4.2293779300322404e+02
    -8.3091961315675034e-02 1.5588260347577666e-02
    -2.1209647965353676e-01 -3.3704425055055879e+01
    -2.5499170792370319e+02 4.3655486083201106e+02
    -7.8093680545283906e-01 -9.0945986684348545e-01
    -4.0821201249829075e-01 -4.0612793246248498e+02
    1.4513630417421092e+02 3.0493713650555998e+02
    -7.8123902687253410e-01 -9.1491386726581159e-01
    -4.0264637791954588e-01 -4.0159882415874051e+02
    1.4455026745219598e+02 3.0672483196287175e+02
    -8.6499231708915780e-01 -7.1895431296231760e-01
    -2.9018822642230330e-01 -3.1853159284159580e+02
    1.3383922522803437e+02 3.8894800493192656e+02</data></extrinsic_parameters>
